a: 0.05679288897336182 
b: 0.03896918297720282 
c: 0.04396718155829157 
d: 0.062246179054310916 
e: 0.04404098341994351 
f: 0.04476880961695488 
g: 0.016502025317994436 
i: 0.05195928292610508 
j: 0.038731115885581674 
k: 0.04001473623863859 
h: 0.06814269358782636 
l: 0.032007703362915044 
m: 0.0498068718925301 
o: 0.05225813296338948 
n: 0.03360256551112724 
p: 0.05330816064221122 
q: 0.046157041806102056 
r: 0.060486219573393216 
s: 0.037505425083211225 
t: 0.027588776194291283 
u: 0.061196146438481355 
v: 0.03994787697613608 
